0  0
-0.65952  -0.51828  0.54444  10.07219  
0.70002  -0.68737  0.19365  3.582584  
0.27387  0.50884  0.81614  15.098546  
0.0  0.0  0.0  1.0  
0  1
-0.35049  0.76079  0.54622  10.105135  
-0.59553  -0.63117  0.49697  9.193914  
0.72284  -0.15111  0.67429  12.474301  
0.0  0.0  0.0  1.0  
0  2
0.80309  0.51828  0.29401  5.43911  
-0.59571  0.68737  0.41552  7.687036  
0.01326  -0.50884  0.86076  15.924055  
0.0  0.0  0.0  1.0  
0  3
0.59019  -0.76079  0.26996  4.994188  
0.76968  0.63117  0.09602  1.776386  
-0.24344  0.15111  0.95807  17.724348  
0.0  0.0  0.0  1.0  
1  0
-0.86956  0.49357  -0.01593  -0.294762  
-0.41093  -0.70532  0.57764  10.6863  
0.27387  0.50884  0.81614  15.098546  
0.0  0.0  0.0  1.0  
1  1
0.45807  0.83537  -0.30385  -5.621275  
-0.51736  0.52851  0.67306  12.45163  
0.72284  -0.15111  0.67429  12.474301  
0.0  0.0  0.0  1.0  
1  2
0.81472  -0.49357  -0.30433  -5.630028  
0.5797  0.70532  0.40802  7.548326  
0.01326  -0.50884  0.86076  15.924055  
0.0  0.0  0.0  1.0  
1  3
-0.54963  -0.83537  -0.0079  -0.146155  
0.79915  -0.52851  0.28642  5.298689  
-0.24344  0.15111  0.95807  17.724348  
0.0  0.0  0.0  1.0  
2  0
0.12211  0.82332  -0.55429  -10.254363  
-0.95398  0.25146  0.16335  3.021913  
0.27387  0.50884  0.81614  15.098546  
0.0  0.0  0.0  1.0  
2  1
0.63359  -0.2445  -0.73401  -13.579274  
0.27578  0.9578  -0.08099  -1.498383  
0.72284  -0.15111  0.67429  12.474301  
0.0  0.0  0.0  1.0  
2  2
-0.29956  -0.82332  -0.48209  -8.918657  
0.95398  -0.25146  -0.16335  -3.021915  
0.01326  -0.50884  0.86076  15.924055  
0.0  0.0  0.0  1.0  
2  3
-0.92988  0.2445  -0.27484  -5.084517  
-0.27578  -0.9578  0.08099  1.498383  
-0.24344  0.15111  0.95807  17.724348  
0.0  0.0  0.0  1.0  
3  0
0.94503  0.01527  -0.32664  -6.042783  
-0.17867  0.86073  -0.47668  -8.818656  
0.27387  0.50884  0.81614  15.098546  
0.0  0.0  0.0  1.0  
3  1
-0.06649  -0.98648  -0.14979  -2.77118  
0.6878  0.06344  -0.72312  -13.377683  
0.72284  -0.15111  0.67429  12.474301  
0.0  0.0  0.0  1.0  
3  2
-0.99986  -0.01527  0.00638  0.117995  
0.0099  -0.86073  -0.50897  -9.415972  
0.01326  -0.50884  0.86076  15.924055  
0.0  0.0  0.0  1.0  
3  3
-0.02507  0.98648  -0.16196  -2.996249  
-0.96959  -0.06344  -0.23636  -4.372637  
-0.24344  0.15111  0.95807  17.724348  
0.0  0.0  0.0  1.0  
4  0
0.46195  -0.81388  0.35242  6.519718  
0.84356  0.2805  -0.45795  -8.472142  
0.27387  0.50884  0.81614  15.098546  
0.0  0.0  0.0  1.0  
4  1
-0.67469  -0.36518  0.64144  11.86659  
0.14931  -0.91859  -0.36592  -6.76948  
0.72284  -0.15111  0.67429  12.474301  
0.0  0.0  0.0  1.0  
4  2
-0.31839  0.81388  0.48603  8.991582  
-0.94787  -0.2805  -0.15122  -2.797478  
0.01326  -0.50884  0.86076  15.924055  
0.0  0.0  0.0  1.0  
4  3
0.91439  0.36518  0.17474  3.232733  
-0.32346  0.91859  -0.22707  -4.200822  
-0.24344  0.15111  0.95807  17.724348  
0.0  0.0  0.0  1.0  
5  0
0.1251  0.96135  0.24527  4.537513  
-0.41704  -0.17336  0.8922  16.505693  
0.90024  -0.2139  0.37924  7.015917  
0.0  0.0  0.0  1.0  
5  1
0.99289  -0.11775  -0.01763  -0.326193  
0.08188  0.56772  0.81914  15.15407  
-0.08645  -0.81476  0.57332  10.606498  
0.0  0.0  0.0  1.0  
5  2
-0.03637  -0.96135  0.27292  5.048997  
0.69012  0.17336  0.70262  12.998556  
-0.72278  0.2139  0.65714  12.157103  
0.0  0.0  0.0  1.0  
5  3
-0.84474  0.11775  0.52206  9.658087  
0.37406  -0.56772  0.73333  13.566553  
0.38274  0.81476  0.43553  8.057296  
0.0  0.0  0.0  1.0  
6  0
0.43529  0.46195  -0.77274  -14.295679  
-0.0099  0.86073  0.50897  9.415972  
0.90024  -0.2139  0.37924  7.015917  
0.0  0.0  0.0  1.0  
6  1
0.22895  -0.57632  -0.7845  -14.513174  
0.96959  0.06344  0.23636  4.372637  
-0.08645  -0.81476  0.57332  10.606498  
0.0  0.0  0.0  1.0  
6  2
-0.66758  -0.46195  -0.5839  -10.802136  
0.17867  -0.86073  0.47668  8.818657  
-0.72278  0.2139  0.65714  12.157103  
0.0  0.0  0.0  1.0  
6  3
-0.6168  0.57632  -0.53611  -9.918044  
-0.6878  -0.06344  0.72312  13.377683  
0.38274  0.81476  0.43553  8.057296  
0.0  0.0  0.0  1.0  
7  0
0.14393  -0.67585  -0.72285  -13.372726  
0.41093  0.70532  -0.57764  -10.686304  
0.90024  -0.2139  0.37924  7.015917  
0.0  0.0  0.0  1.0  
7  1
-0.85139  -0.23843  -0.46721  -8.643443  
0.51736  -0.52851  -0.67306  -12.45163  
-0.08645  -0.81476  0.57332  10.606498  
0.0  0.0  0.0  1.0  
7  2
-0.37622  0.67585  -0.63379  -11.725084  
-0.5797  -0.70532  -0.40802  -7.548327  
-0.72278  0.2139  0.65714  12.157103  
0.0  0.0  0.0  1.0  
7  3
0.46354  0.23843  -0.85339  -15.787778  
-0.79915  0.52851  -0.28642  -5.298688  
0.38274  0.81476  0.43553  8.057296  
0.0  0.0  0.0  1.0  
8  0
-0.34634  -0.87965  0.32599  6.03088  
0.26387  -0.42482  -0.86597  -16.020468  
0.90024  -0.2139  0.37924  7.015917  
0.0  0.0  0.0  1.0  
8  1
-0.75514  0.42896  0.49574  9.171234  
-0.64984  -0.39008  -0.65233  -12.068168  
-0.08645  -0.81476  0.57332  10.606498  
0.0  0.0  0.0  1.0  
8  2
0.43507  0.87965  0.1922  3.555639  
-0.53694  0.42482  -0.72885  -13.483778  
-0.72278  0.2139  0.65714  12.157103  
0.0  0.0  0.0  1.0  
8  3
0.90328  -0.42896  0.00868  0.16066  
0.1939  0.39008  -0.90013  -16.652452  
0.38274  0.81476  0.43553  8.057296  
0.0  0.0  0.0  1.0  
9  0
-0.35798  0.1322  0.92433  17.100016  
-0.24785  -0.96787  0.04244  0.785111  
0.90024  -0.2139  0.37924  7.015917  
0.0  0.0  0.0  1.0  
9  1
0.38469  0.50355  0.7736  14.311577  
-0.91899  0.28743  0.2699  4.993092  
-0.08645  -0.81476  0.57332  10.606498  
0.0  0.0  0.0  1.0  
9  2
0.6451  -0.1322  0.75257  13.922587  
0.24785  0.96787  -0.04244  -0.785103  
-0.72278  0.2139  0.65714  12.157103  
0.0  0.0  0.0  1.0  
9  3
0.09472  -0.50355  0.85876  15.887072  
0.91899  -0.28743  -0.2699  -4.99309  
0.38274  0.81476  0.43553  8.057296  
0.0  0.0  0.0  1.0  
10  0
-0.13053  -0.09114  0.98725  18.264065  
0.94787  0.2805  0.15122  2.797481  
-0.29071  0.95552  0.04978  0.920861  
0.0  0.0  0.0  1.0  
10  1
0.19119  0.29847  0.93507  17.298862  
0.32346  -0.91859  0.22707  4.200825  
0.92672  0.25905  -0.27217  -5.035126  
0.0  0.0  0.0  1.0  
10  2
0.45154  0.09114  0.88758  16.420256  
-0.84356  -0.2805  0.45795  8.472143  
0.29071  -0.95552  -0.04978  -0.920861  
0.0  0.0  0.0  1.0  
10  3
0.3448  -0.29847  0.88996  16.464254  
-0.14931  0.91859  0.36592  6.769478  
-0.92672  -0.25905  0.27217  5.035126  
0.0  0.0  0.0  1.0  
11  0
-0.45191  0.58471  0.67372  12.463771  
0.53694  -0.42482  0.72885  13.48378  
0.71237  0.69112  -0.12198  -2.256566  
0.0  0.0  0.0  1.0  
11  1
0.74629  0.5369  0.39343  7.278514  
-0.1939  -0.39008  0.90013  16.652454  
0.63675  -0.74805  -0.18701  -3.45963  
0.0  0.0  0.0  1.0  
11  2
0.65031  -0.58471  0.48499  8.97232  
-0.26387  0.42482  0.86597  16.020468  
-0.71237  -0.69112  0.12198  2.256566  
0.0  0.0  0.0  1.0  
11  3
-0.41503  -0.5369  0.7345  13.588239  
0.64984  0.39008  0.65233  12.068169  
-0.63675  0.74805  0.18701  3.45963  
0.0  0.0  0.0  1.0  
12  0
-0.94181  -0.29494  0.16126  2.983349  
0.16877  0.0  0.98566  18.234629  
-0.29071  0.95552  0.04978  0.920861  
0.0  0.0  0.0  1.0  
12  1
-0.24855  0.96586  0.073  1.350422  
0.28179  0.0  0.95948  17.75032  
0.92672  0.25905  -0.27217  -5.035126  
0.0  0.0  0.0  1.0  
12  2
0.94181  0.29494  -0.16126  -2.983348  
0.16877  0.0  0.98566  18.234629  
0.29071  -0.95552  -0.04978  -0.920861  
0.0  0.0  0.0  1.0  
12  3
0.24855  -0.96586  -0.073  -1.350421  
0.28179  0.0  0.95948  17.75032  
-0.92672  -0.25905  0.27217  5.035126  
0.0  0.0  0.0  1.0  
13  0
-0.65031  0.58471  -0.48499  -8.972319  
-0.26387  0.42482  0.86597  16.020468  
0.71237  0.69112  -0.12198  -2.256566  
0.0  0.0  0.0  1.0  
13  1
0.41503  0.5369  -0.7345  -13.58824  
0.64984  0.39008  0.65233  12.068169  
0.63675  -0.74805  -0.18701  -3.45963  
0.0  0.0  0.0  1.0  
13  2
0.45191  -0.58471  -0.67372  -12.463771  
0.53694  -0.42482  0.72885  13.48378  
-0.71237  -0.69112  0.12198  2.256566  
0.0  0.0  0.0  1.0  
13  3
-0.74629  -0.5369  -0.39343  -7.278514  
-0.1939  -0.39008  0.90013  16.652454  
-0.63675  0.74805  0.18701  3.45963  
0.0  0.0  0.0  1.0  
14  0
-0.45154  -0.09114  -0.88758  -16.420256  
-0.84356  -0.2805  0.45795  8.472143  
-0.29071  0.95552  0.04978  0.920861  
0.0  0.0  0.0  1.0  
14  1
-0.3448  0.29847  -0.88996  -16.464254  
-0.14931  0.91859  0.36592  6.769476  
0.92672  0.25905  -0.27217  -5.035126  
0.0  0.0  0.0  1.0  
14  2
0.13053  0.09114  -0.98725  -18.264067  
0.94787  0.2805  0.15122  2.797478  
0.29071  -0.95552  -0.04978  -0.920861  
0.0  0.0  0.0  1.0  
14  3
-0.19119  -0.29847  -0.93507  -17.298862  
0.32346  -0.91859  0.22707  4.200822  
-0.92672  -0.25905  0.27217  5.035126  
0.0  0.0  0.0  1.0  
15  0
0.04999  -0.22334  -0.97346  -18.00897  
-0.70002  0.68737  -0.19365  -3.582585  
0.71237  0.69112  -0.12198  -2.256566  
0.0  0.0  0.0  1.0  
15  1
-0.48979  -0.20508  -0.84738  -15.676508  
0.59553  0.63116  -0.49697  -9.193914  
0.63675  -0.74805  -0.18701  -3.45963  
0.0  0.0  0.0  1.0  
15  2
-0.37101  0.22334  -0.90137  -16.675354  
0.59571  -0.68737  -0.41552  -7.687034  
-0.71237  -0.69112  0.12198  2.256566  
0.0  0.0  0.0  1.0  
15  3
-0.0462  0.20508  -0.97765  -18.086609  
-0.76968  -0.63117  -0.09602  -1.776385  
-0.63675  0.74805  0.18701  3.45963  
0.0  0.0  0.0  1.0  
16  0
0.66274  0.23861  -0.70982  -13.131625  
-0.69012  -0.17336  -0.70262  -12.998555  
-0.29071  0.95552  0.04978  0.920861  
0.0  0.0  0.0  1.0  
16  1
0.03545  -0.7814  -0.62302  -11.525888  
-0.37406  0.56772  -0.73333  -13.566554  
0.92672  0.25905  -0.27217  -5.035126  
0.0  0.0  0.0  1.0  
16  2
-0.86114  -0.23861  -0.44889  -8.304466  
0.41704  0.17336  -0.8922  -16.505692  
0.29071  -0.95552  -0.04978  -0.920861  
0.0  0.0  0.0  1.0  
16  3
-0.36671  0.7814  -0.50491  -9.34086  
-0.08188  -0.56772  -0.81914  -15.15407  
-0.92672  -0.25905  0.27217  5.035126  
0.0  0.0  0.0  1.0  
17  0
0.68121  -0.72274  -0.11664  -2.157837  
-0.16877  0.0  -0.98566  -18.234629  
0.71237  0.69112  -0.12198  -2.256566  
0.0  0.0  0.0  1.0  
17  1
-0.71773  -0.66365  0.21079  3.899621  
-0.28179  0.0  -0.95948  -17.750322  
0.63675  -0.74805  -0.18701  -3.45963  
0.0  0.0  0.0  1.0  
17  2
-0.68121  0.72274  0.11664  2.15784  
-0.16877  0.0  -0.98566  -18.234627  
-0.71237  -0.69112  0.12198  2.256566  
0.0  0.0  0.0  1.0  
17  3
0.71773  0.66365  -0.21079  -3.899627  
-0.28179  0.0  -0.95948  -17.75032  
-0.63675  0.74805  0.18701  3.45963  
0.0  0.0  0.0  1.0  
18  0
0.86114  0.23861  0.44889  8.30447  
0.41705  0.17336  -0.8922  -16.50569  
-0.29071  0.95552  0.04978  0.920861  
0.0  0.0  0.0  1.0  
18  1
0.36671  -0.7814  0.50491  9.340864  
-0.08188  -0.56772  -0.81914  -15.154068  
0.92672  0.25905  -0.27217  -5.035126  
0.0  0.0  0.0  1.0  
18  2
-0.66274  -0.23861  0.70982  13.131628  
-0.69012  -0.17336  -0.70262  -12.998553  
0.29071  -0.95552  -0.04978  -0.920861  
0.0  0.0  0.0  1.0  
18  3
-0.03545  0.7814  0.62302  11.525888  
-0.37406  0.56772  -0.73333  -13.566554  
-0.92672  -0.25905  0.27217  5.035126  
0.0  0.0  0.0  1.0  
19  0
0.37101  -0.22334  0.90137  16.675356  
0.59571  -0.68737  -0.41552  -7.68703  
0.71237  0.69112  -0.12198  -2.256566  
0.0  0.0  0.0  1.0  
19  1
0.0462  -0.20508  0.97765  18.086607  
-0.76968  -0.63117  -0.09602  -1.776391  
0.63675  -0.74805  -0.18701  -3.45963  
0.0  0.0  0.0  1.0  
19  2
-0.04999  0.22334  0.97346  18.00897  
-0.70002  0.68737  -0.19365  -3.582582  
-0.71237  -0.69112  0.12198  2.256566  
0.0  0.0  0.0  1.0  
19  3
0.48979  0.20508  0.84738  15.676509  
0.59553  0.63117  -0.49697  -9.193912  
-0.63675  0.74805  0.18701  3.45963  
0.0  0.0  0.0  1.0  
20  0
-0.43529  -0.46195  0.77274  14.295679  
-0.0099  0.86073  0.50897  9.41597  
-0.90024  0.2139  -0.37924  -7.015917  
0.0  0.0  0.0  1.0  
20  1
-0.22895  0.57632  0.7845  14.513174  
0.96959  0.06344  0.23636  4.372636  
0.08645  0.81476  -0.57332  -10.606498  
0.0  0.0  0.0  1.0  
20  2
0.66758  0.46195  0.5839  10.802136  
0.17867  -0.86073  0.47668  8.818656  
0.72278  -0.2139  -0.65714  -12.157103  
0.0  0.0  0.0  1.0  
20  3
0.6168  -0.57632  0.53611  9.918044  
-0.6878  -0.06344  0.72312  13.377683  
-0.38274  -0.81476  -0.43553  -8.057296  
0.0  0.0  0.0  1.0  
21  0
-0.1251  -0.96135  -0.24527  -4.537512  
-0.41704  -0.17336  0.8922  16.505693  
-0.90024  0.2139  -0.37924  -7.015917  
0.0  0.0  0.0  1.0  
21  1
-0.99289  0.11775  0.01763  0.326194  
0.08188  0.56772  0.81914  15.15407  
0.08645  0.81476  -0.57332  -10.606498  
0.0  0.0  0.0  1.0  
21  2
0.03637  0.96135  -0.27292  -5.048997  
0.69012  0.17336  0.70262  12.998556  
0.72278  -0.2139  -0.65714  -12.157103  
0.0  0.0  0.0  1.0  
21  3
0.84474  -0.11775  -0.52206  -9.658088  
0.37406  -0.56772  0.73333  13.566551  
-0.38274  -0.81476  -0.43553  -8.057296  
0.0  0.0  0.0  1.0  
22  0
0.35798  -0.1322  -0.92433  -17.100016  
-0.24785  -0.96787  0.04244  0.785107  
-0.90024  0.2139  -0.37924  -7.015917  
0.0  0.0  0.0  1.0  
22  1
-0.38469  -0.50355  -0.7736  -14.311575  
-0.91899  0.28743  0.2699  4.993093  
0.08645  0.81476  -0.57332  -10.606498  
0.0  0.0  0.0  1.0  
22  2
-0.6451  0.1322  -0.75257  -13.922587  
0.24785  0.96787  -0.04244  -0.785106  
0.72278  -0.2139  -0.65714  -12.157103  
0.0  0.0  0.0  1.0  
22  3
-0.09472  0.50355  -0.85876  -15.88707  
0.91899  -0.28743  -0.2699  -4.993093  
-0.38274  -0.81476  -0.43553  -8.057296  
0.0  0.0  0.0  1.0  
23  0
0.34634  0.87965  -0.32599  -6.030877  
0.26387  -0.42482  -0.86597  -16.02047  
-0.90024  0.2139  -0.37924  -7.015917  
0.0  0.0  0.0  1.0  
23  1
0.75514  -0.42896  -0.49574  -9.171234  
-0.64984  -0.39008  -0.65233  -12.068167  
0.08645  0.81476  -0.57332  -10.606498  
0.0  0.0  0.0  1.0  
23  2
-0.43507  -0.87965  -0.1922  -3.555636  
-0.53694  0.42482  -0.72885  -13.483778  
0.72278  -0.2139  -0.65714  -12.157103  
0.0  0.0  0.0  1.0  
23  3
-0.90328  0.42896  -0.00868  -0.160661  
0.1939  0.39008  -0.90013  -16.652452  
-0.38274  -0.81476  -0.43553  -8.057296  
0.0  0.0  0.0  1.0  
24  0
-0.14393  0.67585  0.72285  13.372726  
0.41093  0.70532  -0.57764  -10.686305  
-0.90024  0.2139  -0.37924  -7.015917  
0.0  0.0  0.0  1.0  
24  1
0.85139  0.23843  0.46721  8.643442  
0.51736  -0.52851  -0.67306  -12.451632  
0.08645  0.81476  -0.57332  -10.606498  
0.0  0.0  0.0  1.0  
24  2
0.37622  -0.67585  0.63379  11.725086  
-0.5797  -0.70532  -0.40802  -7.548326  
0.72278  -0.2139  -0.65714  -12.157103  
0.0  0.0  0.0  1.0  
24  3
-0.46354  -0.23843  0.85339  15.787775  
-0.79915  0.52851  -0.28642  -5.298693  
-0.38274  -0.81476  -0.43553  -8.057296  
0.0  0.0  0.0  1.0  
25  0
0.86956  -0.49357  0.01593  0.294763  
-0.41093  -0.70532  0.57764  10.686302  
-0.27387  -0.50884  -0.81614  -15.098544  
0.0  0.0  0.0  1.0  
25  1
-0.45807  -0.83537  0.30385  5.621273  
-0.51736  0.52851  0.67306  12.45163  
-0.72284  0.15111  -0.67429  -12.474302  
0.0  0.0  0.0  1.0  
25  2
-0.81472  0.49357  0.30433  5.630028  
0.5797  0.70532  0.40802  7.548327  
-0.01326  0.50884  -0.86076  -15.924055  
0.0  0.0  0.0  1.0  
25  3
0.54963  0.83537  0.0079  0.146155  
0.79915  -0.52851  0.28642  5.298687  
0.24344  -0.15111  -0.95807  -17.724348  
0.0  0.0  0.0  1.0  
26  0
0.65952  0.51828  -0.54444  -10.072191  
0.70002  -0.68737  0.19365  3.582585  
-0.27387  -0.50884  -0.81614  -15.098544  
0.0  0.0  0.0  1.0  
26  1
0.35049  -0.76079  -0.54622  -10.105135  
-0.59553  -0.63116  0.49697  9.193914  
-0.72284  0.15111  -0.67429  -12.474302  
0.0  0.0  0.0  1.0  
26  2
-0.80309  -0.51828  -0.29401  -5.439112  
-0.59571  0.68737  0.41552  7.687037  
-0.01326  0.50884  -0.86076  -15.924055  
0.0  0.0  0.0  1.0  
26  3
-0.59019  0.76079  -0.26996  -4.994186  
0.76968  0.63117  0.09602  1.776386  
0.24344  -0.15111  -0.95807  -17.724348  
0.0  0.0  0.0  1.0  
27  0
-0.46195  0.81388  -0.35242  -6.519719  
0.84356  0.2805  -0.45795  -8.472143  
-0.27387  -0.50884  -0.81614  -15.098544  
0.0  0.0  0.0  1.0  
27  1
0.67469  0.36518  -0.64144  -11.86659  
0.14931  -0.91859  -0.36592  -6.769478  
-0.72284  0.15111  -0.67429  -12.474302  
0.0  0.0  0.0  1.0  
27  2
0.31839  -0.81388  -0.48603  -8.991584  
-0.94787  -0.2805  -0.15122  -2.797478  
-0.01326  0.50884  -0.86076  -15.924055  
0.0  0.0  0.0  1.0  
27  3
-0.91439  -0.36518  -0.17474  -3.232732  
-0.32346  0.91859  -0.22707  -4.20082  
0.24344  -0.15111  -0.95807  -17.724348  
0.0  0.0  0.0  1.0  
28  0
-0.94503  -0.01527  0.32664  6.042783  
-0.17867  0.86073  -0.47668  -8.818658  
-0.27387  -0.50884  -0.81614  -15.098544  
0.0  0.0  0.0  1.0  
28  1
0.06649  0.98648  0.14979  2.771179  
0.6878  0.06344  -0.72312  -13.377683  
-0.72284  0.15111  -0.67429  -12.474302  
0.0  0.0  0.0  1.0  
28  2
0.99986  0.01527  -0.00638  -0.117993  
0.0099  -0.86073  -0.50897  -9.415973  
-0.01326  0.50884  -0.86076  -15.924055  
0.0  0.0  0.0  1.0  
28  3
0.02507  -0.98648  0.16196  2.996248  
-0.96959  -0.06344  -0.23636  -4.372636  
0.24344  -0.15111  -0.95807  -17.724348  
0.0  0.0  0.0  1.0  
29  0
-0.12211  -0.82332  0.55429  10.254364  
-0.95398  0.25146  0.16335  3.021913  
-0.27387  -0.50884  -0.81614  -15.098544  
0.0  0.0  0.0  1.0  
29  1
-0.63359  0.2445  0.73401  13.579272  
0.27578  0.9578  -0.08099  -1.498383  
-0.72284  0.15111  -0.67429  -12.474302  
0.0  0.0  0.0  1.0  
29  2
0.29956  0.82332  0.48209  8.918661  
0.95398  -0.25146  -0.16335  -3.021913  
-0.01326  0.50884  -0.86076  -15.924055  
0.0  0.0  0.0  1.0  
29  3
0.92988  -0.2445  0.27484  5.084515  
-0.27578  -0.9578  0.08099  1.498383  
0.24344  -0.15111  -0.95807  -17.724348  
0.0  0.0  0.0  1.0  
